5.97972289876
7.14966150958
9.12997016093
11.2689430528
12.8923777656
13.4148331008
13.4019638855
12.9714447461
12.1341207501
11.5763777439
11.3692169454
10.306553046
8.37790946524
6.39958173211
4.78530755625
3.56173332639
2.36783459913
1.1961480667
0.398715094241
0.163898776799
0.192196968125
-0.321333817738
-1.38306919889
-2.19752128764
-2.26021842491
-1.85894592506
-2.12769603933
-3.06020182836
-3.09910818426
-1.97613956463
-0.259135188707
1.70911734686
3.17898071975
4.29447117724
5.2097879436