-1.11459549578
-0.505557435606
-0.505557435606
1.74971715706
6.76477749057
6.76477749057
15.1310326966
15.1310326966
22.7554080661
28.1794255617
28.1794255617
30.1328093098
29.4000707754
29.4000707754
26.8867465423
26.8867465423
23.9525569788
20.6615632581
16.8492431632
16.8492431632
12.5316525808
6.39293807425
6.39293807425
-1.15848174793
-8.34401016352
-8.34401016352
-13.3138350237
-15.2986106416
-15.8385933076
-15.8385933076
-16.3920256932
-16.4281270722
-15.0720615794
-15.0720615794
-11.2599709729
-11.2599709729
-5.96819438789
-0.306957876101
2.83510450183
2.74615438886
2.74615438886
1.94736822495