-2.52890701846
-2.49879704423
-2.25422901439
-1.82664770237
-1.50885406267
-1.2809219433
-0.818104895731
-0.198801040068
0.595026987064
1.8920237108
3.7612953503
5.45550791461
6.95721623316
8.3884726065
9.96825704633
11.4663745025
12.4265394862
12.7793429462
13.0781969553
13.635310112
14.4423218966
15.0835369104
15.3548822618
15.3285012219
15.2739911391
15.238563799
15.2223523032
15.0412382879
14.3408314199
12.6581420898
10.4937248881
8.30323941126
5.75500889842
2.78453263858
0.00720229236091
-2.58783365197
-5.18840544456
-7.38704688316
-8.36792855902
-8.08016450173
-7.38665530216
-7.03368471657
-7.01199743806
-6.56715205355
-5.65986780539
-4.72933411598
-4.32114721653
-4.40626680647
-4.3632962977
-4.12430242969
-3.90706678774
-3.80501189116
-3.78050752907
-3.83072396139
-3.95545502523
-4.06716475778