-7.88353208129
-9.19997193668
-9.19997193668
-7.92509884747
-5.39863529002
-2.89856992553
-2.89856992553
-0.258497873457
3.818022623
10.3254488928
10.3254488928
17.9125624692
17.9125624692
23.253768772
24.9587106748
24.8630831381
24.5249884257
24.5249884257
22.942909721
19.8391543714
19.8391543714
16.0106279815
11.5189239048
7.12162637187
2.42686897196
2.42686897196
-2.24981901936
-6.92895120993
-6.92895120993
-11.4151664001
-14.0398507264
-14.0398507264
-14.7819772758
-14.7819772758
-15.0657431443
-15.34707976
-15.1659875658
-14.3390103616
-13.2134387746
-13.2134387746
-13.6173777961
-13.6173777961
-15.4526608656
-15.4526608656
-16.2562080002
-14.6686022785
-14.6686022785
-11.8279348597
-11.8279348597
-9.276631075
-9.276631075
-7.79213086309
-7.1891338549
-7.1891338549
-6.26235549479
-4.23795470261
-4.23795470261
-1.6374990504
-1.6374990504
0.325929530074
1.03231196549
1.03231196549
1.04161251609
1.28728832966
1.28728832966
1.75111584954
0.907210754185