-2.88385581098
-6.48741540444
-6.48741540444
-6.62821988129
-4.56401860714
-1.54115225629
1.79492210063
4.87382484645
4.87382484645
7.70166283235
10.9656684701
15.7896726288
15.7896726288
21.6782854336
26.2220748552
26.2220748552
27.651204529
27.651204529
27.6830523148
27.6830523148
27.6540721062
26.9977720685
26.9977720685
24.8528201234
21.4325231974
17.5186145989
11.5275440702
11.5275440702
3.89654579715
3.89654579715
-2.54898187271
-7.0556662231
-7.0556662231
-9.08589811354
-9.08589811354
-9.43760430202
-9.44721019704
-9.82637883047
-10.5859502571
-11.6498104851
-14.2178658637
-14.2178658637
-17.8281047623
-17.8281047623
-19.6456142969
-19.2664422957
-18.3570951372
-16.4716699347
-12.6213307596
-12.6213307596
-7.87057243964
-2.7754198557
-2.7754198557
1.14537613072
1.14537613072
3.13637712961
3.13637712961
3.83888688582
4.17034231192
4.17034231192