2.56556141275
2.57407402943
1.40288416999
1.01723206107
-0.413973607602
-2.17657532148
-3.64399791211
-5.54238129689
-6.83517391503
-7.57296991636
-8.54855838567
-9.2259386157
-9.79747140989
-10.3072611881
-10.2786354452
-10.1439018255
-9.78900232412
-8.88151972601
-7.7271536854
-6.24569555336
-4.60133117717
-2.93821463435
-0.891643195003
1.24600875384
3.1761370881
4.92788077824
6.39469450813
7.89599083613
9.33215976698
10.3600263954
11.4323435463
12.5307121014
13.3905082743
14.1433536018
14.54742804
14.8406091636
15.2922018732
15.4724609383
15.662424481
15.9633724384
15.9851114684
16.0226575931
15.7533753845
14.887937718
13.9695210435
12.7375238281
11.2356181266
9.71816259925
7.74371670122
5.98256203092
4.37695696132
2.22500555987
0.808953052489
-0.455804385283
-2.03913552485
-0.551788646877