-3.16881902974
-9.45998836029
-16.100418845
-21.2950848199
-21.2950848199
-24.988907819
-27.5461760576
-27.5461760576
-27.90506333
-26.1871183552
-23.5580178325
-20.0014481062
-15.6296898173
-10.4315144928
-10.4315144928
-4.62478097997
0.361438923347
2.32163992742
2.35070649182
2.35070649182
2.94302784786
2.94302784786
4.57550720849
4.57550720849
7.05778652953
8.07390440819
8.07390440819
7.96594908383
7.99232548272
9.57953777924
9.57953777924
12.5037782649
14.18908981
14.6503654445
15.0838646935
15.5205924778
14.7865426947
11.8323629757
7.56642790015
7.56642790015
2.61119917835
-0.692606379928
-2.88385581098