3.93767659722
3.93767659722
6.89352023543
8.39347496847
9.13771812974
9.13771812974
10.8469099888
13.4754296797
13.4754296797
16.1753110566
16.1753110566
19.0100285001
21.6686529543
21.6686529543
24.0819058311
26.120176773
26.120176773
29.1891081086
29.1891081086
29.9933772573
30.7284908245
31.4959288606
32.0583144086
32.0583144086
32.2456994443
32.2456994443
32.1606518074
31.9675500245
31.9675500245
31.8679699034
31.8642852396
31.8642852396
31.8737532438
31.8737532438
31.8960926995
31.8721812402
31.8721812402
31.2352052215
29.9933041134
29.9933041134
28.5296728998
28.5296728998
27.4097232984
26.6955790023
26.6955790023
24.9719750977
24.9719750977
20.3829640874
13.7695171481
13.7695171481
7.27544677403
7.27544677403
2.40064061182
-0.484444848793
-0.484444848793
-2.50868702662
-2.50868702662
-3.80053299491
-3.23338446937
-3.23338446937
-0.63983003657
0.788713966056
0.788713966056
0.294325888157
-1.43402504427
-3.24578079741
-5.15823452211
-7.20451913956
-7.20451913956
-8.55405630048
-8.55405630048
-8.61005261933
-7.90481135642
-7.90481135642
-7.15365904366
-7.15365904366
-6.91872287407
-8.12106437131
-8.12106437131
-10.3432901624
-12.1289241142
-12.7573713335
-12.1997562446
-10.2503307671
-7.31614018969
-7.31614018969
-5.05549863722
-5.05549863722
-3.8709983311
-3.13160114841
-2.33211404667
-1.98060748315
-2.2487299044
-2.2487299044
-3.41904730622
-6.00262809701
-6.00262809701
-10.5139723647
-10.5139723647
-16.0876512024
-16.0876512024
-21.1377613917
-21.1377613917
-24.5968187355
-27.1972142347
-27.1972142347
-28.6084164326
-28.6084164326
-29.3605735482
-29.623456602
-29.623456602
-29.5686095906
-29.5686095906
-29.4826198014
-29.4767904872
-29.5482200108
-29.5685389478
-29.5685389478
-29.5228918116
-29.2511816284
-29.2511816284
-28.4710607415
-27.3008076342
-27.3008076342
-25.9826131169
-25.4051200913
-25.4087042285
-25.4091117167
-25.4091117167
-25.3940192891
-24.8964347781
-22.7461800285
-19.1677856306
-14.9918070049
-14.9918070049
-12.045217915
-12.045217915
-11.0893715361
-11.0893715361
-11.0496080157
-11.0467209185
-11.0467209185