5.04100448707
5.35341820804
5.35341820804
5.4643271548
5.4643271548
6.97507579268
6.97507579268
11.6476533259
18.5628525719
24.583315776
24.583315776
28.083261726
29.7939476705
30.0963338881
29.0637751963
27.2421276953
24.7084484243
24.7084484243
21.2150248926
16.6583750105
16.6583750105
9.7561921896
9.7561921896
1.79634888085
-6.40871766079
-12.2936707462
-12.2936707462
-15.4132208283
-16.9468812314
-17.7981804156
-17.687020442
-16.9207901763
-16.9207901763
-15.7591381881
-15.7591381881
-14.1185457747
-12.9539770318
-12.9539770318
-12.5348735548
-12.5348735548
-12.5158637739
-12.5162470751
-12.5071611221
-12.4939013438
-11.9510990969
-9.78588652378
-9.78588652378
-6.41021979727
-2.74435846689
0.788595753763
0.788595753763
4.52011728577
8.0290749893
11.4786909074
14.0264735614
14.8002880128
14.8002880128
14.7559059254