-9.386888077
-9.6441665402
-6.28171799988
-1.26886386129
1.348943555
3.30984469562
5.14633290527
7.39845300044
8.02785359179
8.22157438374
8.49737245542
8.085482856
6.74089536658
6.47969259078
6.406040474
6.30171542834
6.57989775494
6.43042042403
6.39530578473
6.57131505706
6.2601480004
5.89088033284
6.14476573705
6.22303296012
4.24829682425
4.03654157616
3.13350603764
1.4785712729
1.017909659
1.10163618746
-0.345076018797
-2.06010521028
-2.10521592468
-2.22758459693
-4.00745427006
-4.42559022566
-4.9208821067
-5.69889030366
-8.37905208309
-10.873042942
-11.9544219147
-14.2797262555
-16.26422792
-16.8850984947
-16.4707408114
-17.1317373606
-17.437605388
-17.0674495025
-17.1642552828
-17.3961379934
-17.1735224134
-17.1243062809
-17.3583491758
-17.225049901
-17.1743373026
-17.4471166454
-17.38031106
-17.2288041165
-17.521326936
-17.6139066316
-17.4259408522
-17.7286941629
-18.0030936317
-17.7707799918
-18.2121235959
-18.555949496
-17.6098462898
-16.569913261
-16.5903486835
-16.9222394286
-16.807233425
-16.8334308978
-16.964537396
-16.923585798
-16.9772100706
-17.0364045089
-17.0126222008
-17.2795684985
-17.5138296544
-17.6289883232
-17.8491208757
-18.3870110652
-18.6869338158
-18.4208398981
-18.728187575
-19.118696237
-19.4384370552
-19.619944313
-19.8550777982
-19.828909964
-19.896458077
-20.002085929
-19.8444448706
-19.6071348456
-19.7180787318
-19.673795921
-19.2961539123
-19.1436764751
-19.175589755
-18.8616371048
-18.5592504117
-18.6314310549
-18.4956588324
-18.150549893
-18.198643818
-18.2456289849
-17.9442303161
-17.8980681429
-18.1297822333
-17.926608512
-17.5622508109
-17.3122903046
-16.68990827
-16.4353375005
-16.9254240607
-14.7104150489
-13.6273254954
-13.4419469858
-12.9904493219
-12.3889467577
-12.0081083925
-11.269285681
-10.3143403461
-9.75772893711
-9.410312275
-7.97504083606