2.47145611455
1.2351323718
0.0647835263392
-1.58550314758
-3.35707718192
-5.00428607609
-5.74359612727
-5.52090724067
-5.17903413744
-4.98483043967
-4.96822431407
-4.6954389796
-3.44579875847
-1.29651803418
0.752117005499
2.59687961224
4.37884952818
6.18440687685
7.760201041
9.05493430364
9.69760263082
9.72637440693
10.1215123252
10.8840176937
11.4853563704
11.9238692071
12.4062347351
12.9112654177
13.4432856894
13.7385467352
13.7144683166
13.279431282
12.5580410271
11.4012521686
9.43412168637
7.34494899569
5.1792080667
3.41284927072
2.15936826322
1.78298337518
2.19962922625
2.95844563071
3.35084425007