0.0737349928879
-0.279239899356
-0.279239899356
-1.05135489092
-1.05135489092
-1.73946550765
-2.340064186
-2.340064186
-4.81739425078
-10.395787456
-17.5502030396
-23.6885414156
-23.6885414156
-26.2918196675
-25.6913133383
-24.5566149456
-24.5566149456
-22.2875445157
-16.7163432409
-16.7163432409
-8.5131640757
-0.17030815235
-0.17030815235
7.18391513359
7.18391513359
11.7998497035
14.8203224743
14.8203224743
17.3131794217
17.3131794217
18.0913803836
18.2048595955
18.2048595955
18.8035390153
18.8035390153
19.8182781507
20.3582808178
20.3582808178
20.2411343955
19.5471166986
19.5471166986
16.3134127021
16.3134127021
10.4051540767
4.17027533665
-1.43926145885
-5.43757539958
-5.43757539958
-7.16008151304