-8.8364080655
-9.02846837331
-8.87772802059
-9.4314549814
-10.1191997451
-11.25432151
-13.2452031596
-15.1353677733
-15.3882230469
-14.9151151698
-16.0964112888
-17.7964354057
-18.3978758839
-19.1948516574
-19.7397415943
-19.5787829464
-20.5986287096
-21.6373630444
-21.4560296673
-22.19085819
-23.3607215157
-23.6843101343
-24.4933145671
-25.2807384677
-25.2913765429
-25.5909388361
-25.7315303973
-25.4983732254
-25.7502615567
-25.9355808992
-25.8798249995
-26.0671529486
-26.1461074613
-26.1489777331
-26.2301504051
-26.2067353401
-26.2285530899
-26.2423995765
-26.196847299
-26.2100772463
-26.2081535337
-26.2131409017
-26.1059364924
-26.0282731656
-25.9468373766
-25.1271912217
-24.480544937
-24.5955066383
-23.7394245476
-22.9223157946
-23.2282879017
-22.0655594441
-21.0102821484
-22.0960412046
-20.1913852108
-15.1378744908
-13.3656444925
-13.9708488259
-13.3197832115
-12.8355480142
-12.9791903055
-12.7888014949
-12.580105311
-12.0769016148
-11.5673869316
-11.6819033611
-11.4043888298
-10.7970452991
-10.9726900885
-10.1487372964
-6.43441688371
-2.85709564951
-2.51711959943
-2.73085704364
-1.05315655785
0.20687423937
0.198492925195
0.642213917914
1.24242766673
1.37978160294
1.71012086295
2.21219974778
2.55414887319
2.62555798752
2.54541733526
2.85565582003
3.26262633691
3.2490427342
3.36380660333
3.67849399062
3.74887133422
3.87815226715
4.15656514165
4.27651100526
4.46305447714
4.88423143097
5.11947054534
5.01133131422
4.99317653396
5.08543028328
4.9645376169
4.92785809067
5.0579310931
4.95693108895
4.92234585755
4.96751852368
4.22140451636
2.88690625875
2.2084377309
2.31692579796
2.14612189985
1.46805745977
1.21869847836
1.35431908909
1.04307481974
0.554110112914
0.0875650882972
-0.840963993523
-1.71196069173
-1.84245094756
-2.17030974884
-3.9040482763
-5.85151724123
-5.81873224834
-5.23543050263
-6.81975620062