6.00201710172
6.00201710172
5.90766505701
4.96776032622
4.96776032622
1.47258202012
-5.03675191315
-5.03675191315
-13.1406337642
-19.746684157
-22.7603605186
-22.4172441142
-22.4172441142
-20.4499461078
-16.0084581041
-16.0084581041
-9.28310931107
-9.28310931107
-2.09575510665
-2.09575510665
5.54577372627
12.4902678272
12.4902678272
18.7675550182
18.7675550182
21.6078995664
23.205116711
24.4340358973
24.4340358973
25.1662607141
25.1662607141
24.2278755915
24.2278755915
21.5181559374
18.7462136126
18.7462136126
17.1647019267
17.1647019267
16.9967280385
15.5587030367
15.5587030367
12.3623314581
8.55069944829
8.55069944829
5.52956333131
5.52956333131
3.70010914018
3.03468416871
3.03468416871
3.13385782213
2.90673767852
2.36824304389
2.73154059387
2.73154059387