2.65966671095
2.83143172439
2.1953885625
0.233506944412
-2.44603976302
-5.62813542151
-8.23293637154
-10.6629129093
-13.1254076492
-14.9749629742
-15.6794938364
-15.4570746163
-15.0209578581
-14.0623773377
-12.1699314548
-9.57568304393
-6.09975370983
-2.0790824172
1.36503979491
4.1536532213
7.27539206452
10.3912025751
13.1451237024
15.3670998146
16.8235941227
17.5081470748
18.0591432755
18.3579132566
18.4020951227
18.4364328038
18.2732867837
17.35210268
15.3441693614
12.8772138915
10.0838048656
7.18162325126
4.36924045958
1.49492954161
-1.51149692361
-4.01979294637
-4.91591078479