-0.324224929
-0.31155863
-0.129975917
0.2161387
1.14540174
1.864854026
2.951939732
4.242482389
5.758033731
7.37707123
9.1289366
10.8835566
12.60730718
14.25136491
15.8171056
17.45211265
19.01731998
20.63512668
22.19964696
23.70003942
25.2404965
26.69655319
27.39163812
27.47354491
27.543575
27.43532208
26.86638245
26.07880006
24.4807332
21.58233585
18.27010214
14.96126861
12.10826483
9.917181971
8.10595046
5.272970801
3.519579949
1.883300501
0.412695878
-1.097376639
-2.671478552
-4.243482691
-5.961351139
-7.773418275
-9.111818068
-10.02887466
-10.97443737
-12.33840372
-14.07585991
-15.80217537
-16.93644581
-17.20735438
-17.14129394
-16.82813799
-16.00815827
-14.27611993
-11.66804108
-9.002258637
-6.752392874
-5.524633532
-5.073224766
-4.636857053
-4.18284109
-3.738425471